100 001258 4000000.00   
7453 000332 100000.00   
7453 000489 3000000.00   
7231 025915 6000000.00   
7453 000362 2500000.00   
7453 000826 2500000.00   
234 000229 1500000.00   
4242 018300 2000000.00   
928 004607 2500000.00   
928 004618 3000000.00   
228 004304 2500000.00   
228 005512 2500000.00   
7453 000319 3000000.00   
228 006486 1000000.00   
228 006576 1000000.00   
234 000264 1000000.00   
928 006030 1400000.00   
7453 009213 2500000.00   
7453 000369 1000000.00   
7941 012463 2500000.00   
228 007466 1500000.00   
254 003046 1500000.00   
7941 006689 1000000.00   
7953 008272 2000000.00   
7941 005864 2500000.00   
7453 026308 2000000.00   
7453 026309 3000000.00   
7453 024628 1000000.00   
7453 025566 2000000.00   
7453 026312 2300000.00   
7453 032127 2500000.00   
7801 009733 1000000.00   
7453 036434 1000000.00   
7453 036550 1000000.00   
7453 037600 1200000.00   
7453 041792 2500000.00   
228 005726 2500000.00   
7453 026303 2500000.00   
7244 012629 3500000.00   
7453 000453 2000000.00   
7453 000585 4000000.00   
7453 000838 1000000.00   
7453 000689 2000000.00   
228 004988 1000000.00   
7453 010983 2500000.00   
7453 000551 2500000.00   
7478 005511 2000000.00   
7453 000419 2000000.00   
7453 000850 500000.00   
7453 000625 2000000.00   
7453 000829 3000000.00   
7453 000454 4000000.00   
7453 000457 4000000.00   
7453 000660 3000000.00   
7453 015689 1500000.00   
7453 007934 2000000.00   
7953 008261 3500000.00   
7229 008565 4000000.00   
7453 034405 2000000.00   
7441 015309 1000000.00   
7453 026521 1200000.00   
7453 020892 3500000.00   
7453 021388 1500000.00   
7953 009190 2000000.00   
7453 029775 2000000.00   
7453 042188 1500000.00   
7441 023510 2500000.00   
7953 006323 3500000.00   
7941 005825 4000000.00   
7453 007817 2000000.00   
7453 018298 4000000.00   
7453 018370 3000000.00   
7241 031062 4000000.00   
7453 000661 3000000.00   
615 000085 1000000.00   
7453 000664 2000000.00   
7453 000441 3000000.00   
7453 000412 5000000.00   
7453 000603 1000000.00   
7453 000569 3000000.00   
7953 014112 4000000.00   
7453 018187 1000000.00   
7453 018449 3000000.00   
7453 018701 2500000.00   
7941 005784 2000000.00   
7453 029380 3000000.00   
7461 019715 1000000.00   
7252 000386 2500000.00   
7453 038848 1200000.00   
934 000190 5000000.00   
7453 025072 1500000.00   
7801 012147 2000000.00   
7393 000391 1000000.00   
216 004630 1000000.00   
254 000025 1500000.00   
7453 000522 3000000.00   
7453 000901 3000000.00   
934 000201 1000000.00   
7453 023701 1500000.00   
7453 026310 4500000.00   
7453 024975 2000000.00   
7453 032418 6000000.00   
7453 040768 1500000.00   
39  000101 2500000.00   
7453 041457 4000000.00   
234 000226 4500000.00   
7453 000631 3000000.00   
7453 009859 2000000.00   
7393 000386 2500000.00   
228 005709 2000000.00   
7453 000449 1000000.00   
934 000200 1000000.00   
7453 000438 4000000.00   
7453 000828 3000000.00   
7453 000456 4000000.00   
7453 000561 3000000.00   
7941 005778 3000000.00   
7453 000440 1500000.00   
7453 000461 5000000.00   
7453 005567 3000000.00   
7902 000730 4000000.00   
7425 013695 4500000.00   
7453 000327 4000000.00   
7453 018967 4500000.00   
7453 027142 3000000.00   
7453 032838 4000000.00   
7453 039402 1000000.00   
7453 029955 2500000.00   
7453 000363 1500000.00   
7453 000619 6000000.00   
7453 008696 4000000.00   
7453 013230 4000000.00   
7453 015109 2000000.00   
7453 016041 2000000.00   
7453 028135 6000000.00   
7453 026305 4500000.00   
7453 000427 3000000.00   
7453 000594 2500000.00   
606 000822 2500000.00   
7453 000408 4000000.00   
7453 000430 3000000.00   
7441 038929 3000000.00   
7453 000481 3500000.00   
7453 009102 2000000.00   
7453 026158 3000000.00   
7953 015069 2500000.00   
7453 025544 1000000.00   
7453 033709 3000000.00   
7453 032649 5000000.00   
234 000235 2000000.00   
228 004657 2000000.00   
228 005180 1000000.00   
219 000782 1500000.00   
249 000195 2700000.00   
219 000928 1000000.00   
928 006069 1500000.00   
7453 000600 1000000.00   
234 000256 1500000.00   
7453 008398 1500000.00   
998 000635 1500000.00   
7436 031277 500000.00   
7453 000388 1500000.00   
7453 000397 2500000.00   
7453 004751 1000000.00   
7441 017547 2000000.00   
7453 018484 2000000.00   
7453 024523 2000000.00   
028 000004 500000.00   
7453 026344 1000000.00   
7453 025618 1500000.00   
7453 022298 1500000.00   
7453 026237 2000000.00   
7453 029043 1500000.00   
7453 029268 3000000.00   
7453 029498 2000000.00   
7453 026345 1000000.00   
7453 029700 1000000.00   
7453 027524 2000000.00   
7453 026340 3000000.00   
7453 032593 1000000.00   
7453 033480 2200000.00   
7453 034103 3000000.00   
7461 030830 1500000.00   
7453 038008 500000.00   
7453 038286 900000.00   
7453 038331 2000000.00   
7453 038962 2500000.00   
7453 039849 2200000.00   
7453 040470 2000000.00   
7254 001743 500000.00   
7453 032260 2000000.00   
7453 025659 2000000.00   
7453 025661 2000000.00   
7453 025665 1000000.00   
7453 000484 1000000.00   
7393 000345 2000000.00   
613 000578 1500000.00   
7453 000380 4000000.00   
7453 025669 3000000.00   
7453 025668 3000000.00   
7403 031459 5000000.00   
7941 005900 1000000.00   
7453 041362 2500000.00   
7453 025641 3000000.00   
7453 025642 3500000.00   
7453 022376 2500000.00   
7453 025650 4000000.00   
7453 025647 2000000.00   
7453 025646 1000000.00   
7453 025663 2000000.00   
7453 025645 1000000.00   
7453 030363 1000000.00   
7453 033662 500000.00   
7453 034291 2000000.00   
7264 000103 4000000.00   
7453 028573 1000000.00   
7453 025664 700000.00   
7453 025667 2500000.00   
7453 038847 1000000.00   
800 003139 3500000.00   
7453 000417 3000000.00   
7453 018864 500000.00   
7453 025546 3000000.00   
7453 030828 4000000.00   
7953 009845 2500000.00   
7453 025563 500000.00   
7453 025501 1000000.00   
7453 022928 2500000.00   
7453 025683 2500000.00   
7453 025987 2500000.00   
7453 025815 2500000.00   
7453 025556 1000000.00   
7453 025690 2500000.00   
7453 025952 2500000.00   
7453 026986 2500000.00   
7453 025689 1000000.00   
7453 025964 1000000.00   
7453 025675 2500000.00   
7453 037239 2500000.00   
7453 039865 2500000.00   
234 000207 2500000.00   
228 002659 2000000.00   
228 006588 3000000.00   
7453 018372 4000000.00   
7441 024828 2000000.00   
7441 024941 3000000.00   
7453 029285 1500000.00   
7453 026242 3000000.00   
7441 005929 3000000.00   
7453 025654 4000000.00   
7453 025682 3000000.00   
7453 025676 1500000.00   
7453 025674 1500000.00   
7453 025656 1500000.00   
7453 027022 1500000.00   
7453 025673 1500000.00   
7453 027052 1500000.00   
7453 025671 5000000.00   
7453 025677 4000000.00   
7255 000059 1500000.00   
7453 025504 1500000.00   
7453 025548 1500000.00   
7453 025672 1500000.00   
7453 025963 1500000.00   
7453 034260 2500000.00   
7453 034322 1500000.00   
7453 034321 4000000.00   
7453 011292 3000000.00   
7453 036433 4500000.00   
7453 039132 4500000.00   
7453 025686 1500000.00   
228 004858 1000000.00   
7441 033350 2000000.00   
244 000148 1000000.00   
7850 000153 1000000.00   
7478 010979 1000000.00   
7478 011150 1000000.00   
7267 000008 1000000.00   
7453 027525 2000000.00   
7461 003036 1500000.00   
228 002923 1500000.00   
234 000218 1000000.00   
7478 010962 1000000.00   
7478 011053 500000.00   
7478 010964 500000.00   
7478 011042 3000000.00   
7478 011043 2000000.00   
7453 013658 4000000.00   
7953 012705 3000000.00   
7453 027730 4000000.00   
7453 029370 2000000.00   
7441 035518 3000000.00   
7453 038656 4500000.00   
7478 011157 3000000.00   
7453 000548 3000000.00   
7453 022655 3000000.00   
7453 027733 3500000.00   
7941 005865 3000000.00   
7453 037825 3000000.00   
928 003808 1000000.00   
228 005294 1000000.00   
7478 011144 1500000.00   
7478 011156 3000000.00   
7478 011155 2500000.00   
7478 002733 1500000.00   
7453 011160 3000000.00   
7478 010924 1000000.00   
7453 000486 2000000.00   
7453 000598 2000000.00   
7478 011057 800000.00   
7953 013182 4000000.00   
7208 005736 1000000.00   
7461 003227 2000000.00   
7453 015135 1000000.00   
7453 028295 2000000.00   
7453 023469 3000000.00   
7453 027591 2000000.00   
7453 011162 2000000.00   
7453 032284 2000000.00   
7453 039938 2000000.00   
7267 000378 1800000.00   
7453 041276 4000000.00   
7453 000515 1000000.00   
7953 013183 2000000.00   
7953 015058 3000000.00   
7908 001402 2500000.00   
7453 029925 2000000.00   
7453 030821 2500000.00   
7453 036135 3000000.00   
7478 011056 1500000.00   
7478 011465 2000000.00   
7841 011778 2000000.00   
7953 009359 2000000.00   
6059 005214 2500000.00   
228 007119 2500000.00   
39 000352 2000000.00   
7453 004621 3000000.00   
7453 028339 3000000.00   
7453 000632 4000000.00   
228 003476 4000000.00   
7441 017702 3000000.00   
7453 000550 5000000.00   
7953 006312 3000000.00   
7453 010740 4200000.00   
7453 008705 5000000.00   
7453 021153 5500000.00   
7453 021390 3000000.00   
7453 023568 4000000.00   
7453 000464 2000000.00   
7453 000663 4000000.00   
7453 000571 3000000.00   
7453 018820 2000000.00   
7453 026240 5000000.00   
6059 006140 1000000.00   
7453 000909 4000000.00   
7453 000903 4500000.00   
7903 003223 3500000.00   
7453 033857 3000000.00   
7453 000507 2500000.00   
7453 000851 3000000.00   
630 000042 3000000.00   
4239 015473 500000.00   
228 007664 2700000.00   
7453 032352 3000000.00   
7453 040099 1000000.00   
228 002713 2000000.00   
618 000047 3000000.00   
39  000128 3000000.00   
228 006519 2600000.00   
252 003777 500000.00   
928 006298 2600000.00   
621 000930 2000000.00   
7453 007936 5000000.00   
7453 035613 3000000.00   
234 000254 1500000.00   
7903 003222 5200000.00   
7453 000352 6000000.00   
7453 014412 5500000.00   
7239 014765 3000000.00   
7453 000582 3000000.00   
234 000260 2500000.00   
7453 000519 4000000.00   
7453 021391 4200000.00   
7453 021726 2000000.00   
234 000212 2000000.00   
4876 000041 1500000.00   
7941 007501 1500000.00   
7953 008675 1500000.00   
7453 000583 1500000.00   
7453 000435 1500000.00   
7953 006334 1500000.00   
7953 014913 1500000.00   
7453 025988 1500000.00   
7453 025181 1500000.00   
7453 028702 1500000.00   
7453 039129 1500000.00   
7453 041777 1500000.00   
7453 030353 3500000.00   
7453 028861 4000000.00   
7453 000318 2000000.00   
7453 000385 1000000.00   
7453 000379 2000000.00   
216 000601 1500000.00   
7441 000862 3000000.00   
7453 004238 1500000.00   
7453 008889 1500000.00   
7453 026307 1500000.00   
7453 026779 1500000.00   
7453 036261 1500000.00   
228 002982 900000.00   
207 002280 1500000.00   
976 000101 1500000.00   
7453 000425 1500000.00   
7453 000407 1500000.00   
7453 007049 1500000.00   
7453 037027 1500000.00   
7453 000681 3000000.00   
928 004933 2500000.00   
7453 000517 3000000.00   
7453 000511 2500000.00   
7453 000840 1500000.00   
7453 000676 2500000.00   
7453 000531 1000000.00   
7953 006325 2500000.00   
7453 001307 2500000.00   
7453 000468 2500000.00   
7453 011411 2500000.00   
7453 004239 2500000.00   
7453 028013 1000000.00   
7453 026678 2500000.00   
7941 006033 2000000.00   
7453 000554 3000000.00   
234 000244 2000000.00   
7453 000498 2000000.00   
7453 000475 2000000.00   
7453 000501 1300000.00   
7953 006306 2000000.00   
7453 000503 2000000.00   
928 006732 2500000.00   
7453 000495 2000000.00   
7254 000941 2500000.00   
7254 001510 2500000.00   
4382 000581 1000000.00   
7453 013477 1000000.00   
7453 026019 1000000.00   
7453 025502 1000000.00   
7453 025788 1000000.00   
7453 025811 1000000.00   
7453 025813 1500000.00   
7453 025940 1000000.00   
7368 000126 1000000.00   
7453 012990 1000000.00   
228 005268 2000000.00   
7453 015478 1500000.00   
7453 000616 2000000.00   
7453 025562 3000000.00   
7453 038593 400000.00   
234 000210 2500000.00   
7241 031082 2000000.00   
228 004989 1500000.00   
928 005077 1500000.00   
954 001347 1500000.00   
607 000131 1500000.00   
228 001404 2000000.00   
234 000257 3000000.00   
7453 018888 1500000.00   
7961 015602 1500000.00   
7453 025615 3000000.00   
7453 025806 1500000.00   
7453 025692 4000000.00   
7453 025557 2000000.00   
7453 026988 1500000.00   
7453 025741 1500000.00   
7453 026155 1500000.00   
7453 025554 1500000.00   
7453 025571 1500000.00   
7453 025805 1500000.00   
7453 033569 1500000.00   
7441 033869 1500000.00   
7453 037204 1500000.00   
7453 037265 3000000.00   
7453 025810 1500000.00   
7453 039128 1500000.00   
7453 042049 1500000.00   
7453 042358 1500000.00   
228 002663 1500000.00   
928 004186 3000000.00   
4242 008362 1500000.00   
234 000217 1500000.00   
522 000288 4000000.00   
228 002334 4000000.00   
39  000052 1000000.00   
228 006714 2000000.00   
230 001817 2000000.00   
7453 000480 3500000.00   
7453 018964 3500000.00   
7453 021324 4000000.00   
7453 000324 2000000.00   
7453 025287 3000000.00   
7453 025294 1500000.00   
7453 037857 3000000.00   
7941 005860 3000000.00   
7453 017516 1000000.00   
928 006508 1500000.00   
7453 036265 1000000.00   
7667  00003 800000.00   
234 000266 300000.00   
228 007182 800000.00   
928 006376 1000000.00   
7806 014491 1500000.00   
7453 020552 800000.00   
7453 026271 1000000.00   
7441 013079 1500000.00   
7453 041638 1500000.00   
228 007622 1500000.00   
7453 017398 2000000.00   
7453 029772 2000000.00   
7441 041665 2000000.00   
228 003817 2000000.00   
799 000578 1000000.00   
228 003834 1000000.00   
234 000227 1000000.00   
228 006222 1000000.00   
228 004302 400000.00   
7453 020452 2000000.00   
7453 020496 1500000.00   
234 000225 500000.00   
234 000238 4000000.00   
228 005248 2000000.00   
928 005248 800000.00   
740 000521 3000000.00   
974 000304 1500000.00   
740 001247 2000000.00   
7453 019349 2000000.00   
7453 025177 2000000.00   
7453 031910 1700000.00   
7846 000028 2500000.00   
215 000628 1500000.00   
7846 000041 3000000.00   
234 000228 3000000.00   
228 007415 1500000.00   
7453 042022 800000.00   
234 000206 2000000.00   
934 000192 4500000.00   
39 000241 1500000.00   
7453 019351 2000000.00   
7441 019866 2000000.00   
7453 027141 2000000.00   
7453 029900 1500000.00   
7657 000171 1500000.00   
7228 010822 1500000.00   
7453 017075 1000000.00   
928 005133 1500000.00   
228 005476 1000000.00   
228 006721 1500000.00   
740 001271 2000000.00   
7453 019352 3000000.00   
7482 003735 1300000.00   
7903 009338 1000000.00   
228 007700 2000000.00   
228 007491 2000000.00   
928 004712 2000000.00   
934 000196 1000000.00   
234 000239 2000000.00   
974 002314 2000000.00   
928 006346 2000000.00   
7453 041503 2000000.00   
7453 017754 2000000.00   
7453 023821 1500000.00   
7453 017080 3000000.00   
7846 000011 2000000.00   
7441 032535 2000000.00   
7453 017062 2000000.00   
7453 042108 2000000.00   
7453 040647 2000000.00   
7941 013541 2000000.00   
7667 000008 2000000.00   
7667 000058 2000000.00   
228 002906 2000000.00   
228 002863 2500000.00   
7453 035855 2000000.00   
7453 020506 2000000.00   
7453 019818 2000000.00   
7453 020505 2000000.00   
37 015074 2000000.00   
234 000221 1000000.00   
7453 020497 2000000.00   
7453 020493 2000000.00   
228 004903 2500000.00   
7453 031803 2000000.00   
7453 032528 2000000.00   
7453 035191 2000000.00   
7414 034731 2000000.00   
7453 041960 1500000.00   
7453 040648 3000000.00   
228 004997 2000000.00   
7453 020499 2000000.00   
0036 004726 2000000.00   
234 000240 3500000.00   
7453 000528 2500000.00   
928 006044 2000000.00   
228 002680 1500000.00   
7453 041966 2000000.00   
228 005244 2000000.00   
987 000066 1000000.00   
7833 013942 3000000.00   
7453 026238 1000000.00   
7453 026235 2000000.00   
7453 023667 800000.00   
7453 024253 2000000.00   
7453 029641 2500000.00   
7453 033558 2500000.00   
7453 040541 1500000.00   
621 000031 1000000.00   
234 000247 3500000.00   
444 000177 1000000.00   
228 007338 2500000.00   
7453 000521 2000000.00   
7453 015130 1500000.00   
7953 009416 3500000.00   
7453 028602 1000000.00   
7453 026313 3500000.00   
7453 030737 2000000.00   
7453 037392 1500000.00   
7453 039136 2000000.00   
7453 040135 1500000.00   
611 000063 2500000.00   
228 007035 2500000.00   
7453 000827 2500000.00   
4211 013639 2500000.00   
7441 010640 2500000.00   
606 000806 2500000.00   
4911 020216 2500000.00   
234 000243 2500000.00   
7453 000416 2500000.00   
7953 007429 2500000.00   
7453 010886 2500000.00   
7453 007811 2500000.00   
928 006020 2500000.00   
7978 007188 2500000.00   
928 006088 2500000.00   
941 002107 2500000.00   
7478 009627 2500000.00   
7453 000514 2500000.00   
7453 007498 2500000.00   
7453 000596 2500000.00   
7953 008460 2500000.00   
7453 000404 2500000.00   
7453 000395 4500000.00   
934 000202 2500000.00   
222 000363 2500000.00   
7453 000492 2500000.00   
228 008176 3500000.00   
928 006287 2500000.00   
7453 012822 2500000.00   
7453 000916 2500000.00   
7453 000610 1000000.00   
7941 005795 2500000.00   
7453 004750 3000000.00   
7953 008676 2500000.00   
7453 027364 2500000.00   
7488 003603 2500000.00   
7453 026020 1000000.00   
7453 020615 2500000.00   
7453 025684 1000000.00   
7441 021594 1000000.00   
7453 027509 2500000.00   
7453 029527 2500000.00   
7441 027344 2500000.00   
7453 027413 4000000.00   
7453 025542 2500000.00   
7259 000112 4500000.00   
7453 025657 2500000.00   
7453 025655 3000000.00   
7453 025809 2500000.00   
7453 026156 5000000.00   
7453 025814 2500000.00   
7453 025292 3000000.00   
7453 025679 2500000.00   
7453 031791 2500000.00   
7453 034185 2500000.00   
7453 034102 2500000.00   
7453 034284 2500000.00   
7453 034680 2500000.00   
7453 034887 2500000.00   
7453 037465 2500000.00   
7453 037666 2500000.00   
7941 005798 2500000.00   
7453 039297 2500000.00   
7453 039447 2500000.00   
7453 039835 2500000.00   
7453 040449 2500000.00   
7453 040747 2500000.00   
7453 040746 1000000.00   
7941 005794 2500000.00   
7453 041639 2500000.00   
7453 042250 2500000.00   
4211 014261 2500000.00   
7205 028667 2500000.00   
928 004246 2500000.00   
4211 018780 2500000.00   
219 000889 2500000.00   
234 000219 2500000.00   
4211 009622 2500000.00   
7453 002191 2500000.00   
7453 010954 2500000.00   
4211 013438 2500000.00   
621 001267 1000000.00   
7453 030009 2500000.00   
7453 000530 2500000.00   
7453 000466 2500000.00   
740 000443 2500000.00   
247 000301 2500000.00   
7453 000534 2500000.00   
7453 000533 2500000.00   
7453 000499 2500000.00   
7453 000899 2500000.00   
7953 006319 2500000.00   
7453 000520 2500000.00   
7453 008121 2500000.00   
7453 013528 2500000.00   
7453 025551 2500000.00   
7453 025660 2500000.00   
7453 025619 2500000.00   
7453 041579 2500000.00   
7259 000234 2500000.00   
7453 000524 3500000.00   
7953 009057 3500000.00   
7453 000620 4000000.00   
7453 011536 2500000.00   
7453 030627 3000000.00   
7453 024097 3000000.00   
7941 008440 2500000.00   
228 005083 1500000.00   
205 000053 3000000.00   
928 003893 3000000.00   
7453 000527 4000000.00   
7453 000399 3000000.00   
7453 025291 2000000.00   
7453 017082 6500000.00   
7453 000391 4000000.00   
7474 034547 2000000.00   
7953 006321 3500000.00   
7453 000678 4000000.00   
234 000259 1000000.00   
954 000899 3500000.00   
7453 000462 3000000.00   
7941 005801 4000000.00   
7453 000558 2500000.00   
7453 000612 2000000.00   
7453 009311 5000000.00   
7036 000295 2000000.00   
7453 026243 4000000.00   
7453 013012 4500000.00   
7453 030354 4000000.00   
7941 005781 5000000.00   
7453 026230 5000000.00   
7453 025283 6000000.00   
7453 026162 2000000.00   
7453 025955 5000000.00   
7453 025547 3000000.00   
7453 025290 5000000.00   
7441 002433 2000000.00   
7441 024887 4000000.00   
7453 025500 4000000.00   
7453 000382 1400000.00   
7453 038007 3000000.00   
7941 005903 3000000.00   
7453 000525 2000000.00   
228 004338 3000000.00   
7453 000497 3000000.00   
7453 010985 2500000.00   
7453 010610 2000000.00   
928 005294 3000000.00   
234 000262 2000000.00   
7478 005514 3000000.00   
7478 011466 2000000.00   
7453 000544 2500000.00   
7953 006313 5000000.00   
7453 000323 5000000.00   
7953 013165 3000000.00   
7453 003933 3800000.00   
7453 000485 3000000.00   
7453 000606 2500000.00   
7846 000049 2500000.00   
7453 025680 3000000.00   
7453 025687 3000000.00   
7453 025681 3000000.00   
7801 010090 4000000.00   
7453 039401 3000000.00   
7453 039935 3000000.00   
7453 040098 2500000.00   
215 000357 3000000.00   
2207 000028 2000000.00   
799 000970 3000000.00   
7453 000398 700000.00   
214 000116 4800000.00   
7453 034233 1000000.00   
7453 000375 3500000.00   
7453 000573 3000000.00   
7453 000401 3500000.00   
7453 000330 3000000.00   
7059 010402 5000000.00   
7453 028905 700000.00   
7441 010611 4000000.00   
7441 013074 2000000.00   
7453 025215 7000000.00   
7453 024178 1000000.00   
7453 028012 5000000.00   
7453 025214 4000000.00   
7441 030170 2500000.00   
7453 035547 1500000.00   
7453 019813 1500000.00   
228 003057 3500000.00   
7453 023776 3500000.00   
7953 006333 3000000.00   
928 006507 2000000.00   
7453 000361 3500000.00   
7453 000374 1000000.00   
7453 023817 3000000.00   
7662 000177 3000000.00   
7453 020728 2500000.00   
7453 000341 500000.00   
7453 028327 2000000.00   
7453 030303 2000000.00   
7453 000320 400000.00   
4940 005559 700000.00   
7953 006709 200000.00   
7453 000347 2100000.00   
7453 000338 3000000.00   
7229 008850 3500000.00   
7453 041246 3500000.00   
7453 041256 2000000.00   
228 002823 2500000.00   
228 003014 2000000.00   
212 001629 1000000.00   
928 005232 1000000.00   
934 000199 500000.00   
928 006543 1500000.00   
7254 001655 1500000.00   
7482 002114 3500000.00   
7453 000473 4000000.00   
7254 000084 3500000.00   
7941 014194 3000000.00   
7941 014177 4000000.00   
7254 001530 1500000.00   
234 000215 3500000.00   
7453 033202 2000000.00   
